% -------------------------------------------------------------------
%  Generated by MATLAB on 11-Oct-2023 22:38:12
%  MATLAB version: 8.5.0.197613 (R2015a)
% -------------------------------------------------------------------
                                 

ans = 'double';

combinedVector = [2 4 6 8 10 2 3 5 7 11];

doubleVar = 17.25;

evenNumbers = [2 4 6 8 10];

identityMatrix = ...
  [1 0 0;
   0 1 0;
   0 0 1];

intVar = uint8(5);

magicSquare = ...
  [1 1;
   1 1];

primeNumbers = [2; 3; 5; 7; 11];

